645 480 460 492 471 224 656 240
643 480 461 492 471 224 655 240
644 480 461 492 472 227 656 240
642 480 458 494 473 227 654 242
643 480 460 492 472 227 656 240
642 480 458 494 473 228 654 243
639 479 452 492 465 224 650 240
635 479 452 492 464 225 648 240
627 480 445 491 457 228 640 241
629 476 448 487 456 227 640 239
625 466 448 480 456 223 636 235
622 464 444 476 449 219 632 232
620 468 443 480 449 228 -1 -1
606 472 433 488 433 235 -1 -1
583 479 408 496 409 243 583 252
576 482 398 498 403 247 -1 -1
577 494 397 511 401 253 584 264
574 496 392 512 396 248 581 260
572 495 385 511 386 243 577 255
569 506 381 524 385 248 578 258
569 511 373 532 376 248 575 257
567 512 365 532 368 244 572 252
559 521 351 542 353 247 561 255
551 526 337 543 337 241 554 249
548 535 336 551 337 247 554 257
553 547 337 560 345 256 563 266
537 543 321 559 324 252 545 263
512 540 296 556 298 246 521 256
492 544 273 559 274 248 500 259
469 535 250 558 248 244 471 254
456 541 232 559 232 246 457 255
440 539 217 559 216 242 442 254
419 535 197 555 193 237 423 246
409 532 185 552 181 237 409 247
388 520 165 543 157 227 386 233
377 520 154 542 147 228 375 237
389 520 168 543 161 229 388 238
425 512 203 535 201 222 425 231
477 520 253 540 249 223 479 231
521 516 301 531 305 213 533 228
565 527 338 553 332 228 562 233
608 567 375 601 355 271 593 264
613 520 383 542 378 214 615 217
664 482 431 505 431 172 667 178
713 439 473 477 450 135 697 122
771 441 522 480 498 126 755 111
833 422 576 469 541 108 805 80
862 415 601 461 568 97 833 66
871 429 608 477 574 107 846 73
865 431 597 477 568 102 842 72
877 428 607 472 578 98 857 66
898 427 625 474 593 99 872 66
902 429 632 474 601 99 880 68
882 448 610 485 594 111 870 88
879 471 609 506 588 135 865 113
865 479 600 518 571 146 848 120
860 486 593 522 562 153 840 126
852 474 586 513 553 143 832 113
823 467 561 509 523 138 801 107
769 465 510 509 471 136 742 104
752 474 492 520 445 146 719 112
709 474 450 518 403 142 675 111
686 450 430 496 380 122 652 88
677 428 427 472 378 102 646 72
682 416 434 456 384 94 651 63
698 444 449 485 403 122 670 95
713 464 463 503 418 142 688 117
722 478 475 512 433 158 699 136
736 485 490 518 450 167 713 148
749 488 508 520 472 177 731 159
756 495 520 524 482 191 739 175
753 500 521 527 484 203 736 186
763 503 537 528 502 215 747 200
775 503 547 527 514 214 762 200
769 496 545 520 516 211 763 199
765 487 545 511 513 209 758 199
758 488 541 511 505 218 749 208
759 496 545 520 505 240 749 228
757 492 544 511 507 232 750 224
757 487 542 510 505 231 750 224
759 489 545 512 505 240 751 226
752 489 538 510 496 241 744 231
754 479 538 502 489 238 742 224
746 472 534 497 476 240 728 224
746 463 531 488 465 233 720 214
762 454 544 479 472 230 730 208
761 434 543 464 465 214 728 188
760 429 541 460 461 207 722 176
754 430 536 461 453 206 715 176
746 423 526 455 441 200 705 168
743 417 522 449 433 195 698 167
741 403 521 437 433 175 697 144
736 397 514 430 425 167 692 136
727 394 504 429 413 166 680 133
718 392 495 424 400 158 669 127
693 392 473 426 372 160 640 129
659 400 441 430 336 164 601 136
635 400 420 432 307 167 569 137
614 400 401 429 281 165 544 138
595 400 384 425 262 163 521 136
577 393 367 422 241 159 499 136
558 391 346 417 220 156 481 132
543 391 334 418 206 158 464 132
521 388 313 414 180 152 437 128
509 390 299 415 167 152 424 128
488 388 279 415 143 151 401 127
480 387 273 413 135 148 392 125
465 386 257 414 119 146 375 126
453 386 244 412 104 145 360 126
457 385 249 410 107 143 367 122
473 379 264 413 118 145 376 116
478 377 266 414 122 147 385 116
474 381 263 409 123 139 385 114
474 382 259 401 132 128 400 113
478 383 262 399 146 124 416 119
484 392 267 400 161 128 432 128
493 396 275 399 184 128 455 137
501 393 281 394 206 121 480 138
511 401 290 392 232 124 505 152
522 406 299 392 257 128 529 163
529 409 306 392 280 133 552 174
529 410 306 392 281 132 552 174
521 409 298 391 273 130 544 174
540 405 315 385 296 124 566 167
545 401 323 381 308 120 578 167
543 405 320 382 305 120 576 166
518 408 295 385 272 121 544 169
489 412 269 388 233 126 505 175
479 411 257 385 224 124 496 175
456 415 233 386 192 124 465 176
445 418 225 389 177 128 449 181
432 418 211 392 161 131 433 184
426 416 207 390 153 128 424 178
436 409 216 393 152 120 422 160
462 431 241 419 185 144 453 175
491 461 271 449 217 185 486 216
504 478 281 466 233 200 505 231
518 511 291 496 257 223 529 260
539 535 307 520 287 231 560 268
561 560 325 547 313 246 585 283
575 565 337 557 324 243 594 273
585 571 346 567 340 242 608 270
609 583 370 582 361 252 625 273
628 584 389 587 383 254 645 272
649 589 409 592 409 254 667 271
681 590 437 602 429 259 688 267
717 607 473 620 466 278 725 284
737 616 493 636 484 293 737 294
755 629 513 649 505 310 752 309
770 624 529 653 517 316 760 309
777 616 530 647 527 313 762 304
785 616 542 648 537 321 769 314
779 609 537 640 538 330 765 320
765 605 522 632 532 336 752 328
761 609 521 637 536 355 751 344
758 611 520 642 531 375 744 361
747 613 512 644 525 384 735 374
752 612 513 637 537 387 746 383
752 610 512 636 535 393 743 390
745 612 504 638 529 400 737 395
737 616 497 640 525 404 730 399
709 616 469 640 501 404 707 400
652 616 416 642 460 405 663 401
609 616 376 641 429 403 630 400
584 617 352 642 409 408 608 401
549 616 314 642 373 404 574 400
513 613 281 639 345 400 545 396
486 608 256 637 322 400 520 393
465 608 233 635 305 399 502 391
445 608 217 632 291 395 486 390
415 606 186 632 -1 -1 457 390
401 607 174 634 254 397 446 392
398 607 171 632 -1 -1 444 392
409 608 183 633 -1 -1 454 392
416 606 185 632 260 395 457 388
410 608 178 632 248 386 449 386
413 608 178 630 248 384 449 387
415 607 180 625 248 384 449 386
409 608 176 627 245 382 445 387
402 608 169 627 241 384 441 387
392 608 158 625 232 384 431 386
385 606 153 623 226 383 425 386
392 605 159 624 231 383 430 384
406 607 174 625 240 376 441 380
416 609 181 631 242 377 445 379
419 614 185 632 249 376 452 382
417 621 185 625 267 371 465 385
419 623 188 624 271 369 473 386
422 618 186 639 248 383 451 384
417 613 185 648 227 390 431 382
418 611 185 655 218 393 421 379
417 608 184 655 212 396 416 378
416 603 182 655 204 396 407 374
409 599 177 656 193 400 397 372
385 599 153 658 170 401 375 374
361 600 131 659 152 400 355 375
344 601 112 659 137 402 339 376
359 600 128 656 153 400 355 376
392 597 161 651 180 396 383 374
425 596 193 651 206 395 410 369
472 595 240 649 247 393 450 368
521 597 290 652 290 393 496 369
569 599 337 656 328 392 536 369
609 603 377 660 360 393 569 370
656 605 417 661 395 392 608 369
705 601 469 656 437 390 649 366
744 596 512 650 470 384 681 362
787 599 553 653 506 384 719 361
831 599 599 653 544 386 752 362
856 598 624 653 568 386 778 366
853 593 624 648 568 381 777 361
862 592 625 639 588 372 800 353
880 593 641 637 610 374 823 354
880 596 641 637 616 371 830 353
872 598 633 637 614 368 825 353
865 598 625 636 611 368 825 353
872 596 633 631 624 364 838 351
877 598 638 632 633 361 848 346
881 600 641 632 642 361 858 345
886 599 644 632 654 360 870 344
888 601 648 632 661 359 878 344
881 600 641 631 661 358 878 339
880 603 641 632 672 353 888 337
889 605 649 627 688 353 905 338
895 608 657 628 703 352 920 337
897 609 662 630 707 352 921 338
890 607 655 630 693 348 909 336
892 588 657 612 688 331 903 318
889 574 657 599 674 312 891 296
881 553 655 582 661 288 878 272
872 546 649 574 649 279 866 265
865 543 643 569 634 265 856 254
853 535 632 559 617 256 841 239
848 531 629 562 601 256 829 235
848 532 629 558 608 252 831 233
857 544 639 558 629 248 855 240
861 555 647 558 646 248 866 247
871 568 661 563 665 252 884 256
879 575 671 561 689 248 905 259
882 591 679 566 707 255 920 271
884 598 677 571 708 257 921 278
879 599 671 574 705 258 917 280
869 601 659 576 691 256 909 279
845 604 635 575 666 248 888 270
810 601 598 573 628 233 853 256
763 594 546 566 579 214 807 232
733 595 524 560 555 207 777 224
740 597 541 560 577 205 788 226
740 598 545 555 585 203 793 230
733 600 544 552 585 202 791 233
729 599 545 549 591 200 786 232
730 599 553 548 594 201 787 232
727 597 553 544 597 199 785 230
727 592 558 543 601 194 785 224
723 592 558 541 601 194 785 225
717 591 556 536 605 192 783 224
722 587 543 543 586 194 783 221
732 572 521 542 566 192 785 210
743 550 509 540 545 185 785 194
757 548 505 548 538 192 792 203
758 544 498 560 512 203 769 210
752 528 496 557 493 196 746 201
729 519 485 559 469 194 714 200
687 521 459 567 439 195 671 207
656 528 441 584 410 214 637 216
627 528 425 591 390 225 608 223
587 523 400 596 365 227 567 223
565 516 380 592 343 222 543 215
544 508 369 590 329 219 520 209
545 505 378 585 345 214 528 207
553 497 393 576 364 207 534 201
580 492 433 571 406 199 563 199
613 491 473 569 449 194 601 192
-1 -1 517 565 492 186 636 184
693 484 568 566 545 183 679 183
-1 -1 608 564 587 179 714 176
-1 -1 612 568 589 183 723 176
-1 -1 607 568 581 178 723 176
-1 -1 603 567 577 174 725 175
754 488 609 568 581 174 736 173
-1 -1 609 570 581 170 744 170
772 491 615 572 582 169 751 168
788 492 629 572 598 167 769 167
803 492 627 573 591 164 779 162
801 488 614 560 579 152 777 157
798 484 606 551 574 143 778 152
803 479 609 545 573 139 780 147
826 478 635 544 600 138 802 146
854 477 665 544 630 134 831 144
869 483 683 550 651 136 844 145
860 484 672 552 635 139 835 146
825 486 628 554 591 142 801 147
762 483 553 553 514 141 737 144
688 482 471 552 428 142 661 143
629 480 403 550 359 144 601 148
599 479 372 544 329 143 569 148
574 479 346 544 301 147 544 151
537 479 309 544 263 148 509 151
505 480 273 544 228 149 473 153
481 476 251 543 207 150 454 154
451 476 221 542 174 154 423 159
425 478 193 540 149 155 397 160
409 480 176 543 132 159 380 164
397 480 164 544 117 163 366 168
408 476 177 540 131 158 377 162
417 460 185 520 140 138 385 145
424 443 189 503 149 117 393 129
432 432 201 488 159 102 407 118
437 447 207 504 164 122 409 130
445 471 213 536 167 150 416 154
465 503 234 567 190 186 437 187
499 519 265 581 228 204 472 205
559 527 321 586 283 221 527 214
608 517 368 570 333 211 577 205
646 504 403 551 377 199 622 192
651 507 409 550 385 201 631 192
649 520 408 558 389 211 633 202
671 523 428 556 418 213 663 207
703 520 461 546 457 206 699 200
727 520 487 542 490 205 730 200
730 526 496 542 506 208 744 204
737 537 503 545 523 213 759 216
727 544 494 546 521 215 754 223
704 545 471 546 499 215 733 223
661 547 428 552 457 217 689 228
638 541 405 545 430 210 665 220
625 542 393 545 417 214 649 222
637 516 406 527 425 192 657 198
638 465 403 480 419 144 656 147
632 505 399 521 409 186 644 191
625 554 391 572 396 236 632 237
621 580 385 590 401 253 637 260
617 593 383 606 394 269 631 273
615 615 381 628 391 289 627 296
618 600 384 613 395 274 632 281
621 532 385 549 395 212 632 215
621 486 385 501 399 168 633 169
613 476 376 493 390 159 625 161
602 474 368 493 379 157 614 160
560 478 328 494 342 160 577 163
501 479 272 497 283 164 513 163
477 481 249 501 259 167 489 167
454 480 226 502 233 168 461 167
416 478 193 499 198 168 425 163
387 477 165 499 171 167 393 163
407 478 183 499 188 167 417 164
498 470 266 494 273 157 505 154
605 460 366 483 371 141 609 141
689 457 447 481 449 137 692 135
750 460 503 486 504 142 751 137
784 461 535 488 535 143 782 137
826 458 577 486 574 140 824 136
844 462 594 489 593 142 841 137
824 461 574 487 573 139 823 137
761 457 514 486 513 141 762 136
671 457 427 487 426 144 670 136
624 457 385 486 385 144 624 136
618 457 381 485 380 146 617 139
615 457 378 486 375 146 615 137
609 454 371 480 369 137 609 132
603 449 369 474 356 129 601 124
602 456 369 481 354 136 601 132
608 478 376 504 354 161 601 154
615 494 383 521 348 180 600 173
616 501 385 528 327 199 586 184
617 498 386 527 315 207 583 191
614 489 381 524 293 212 568 191
617 492 387 528 283 235 561 208
618 502 390 535 279 264 560 236
621 504 393 537 273 290 560 262
621 508 393 540 270 311 553 278
617 498 391 535 267 287 553 255
617 492 385 529 285 231 561 203
623 491 385 521 332 180 595 168
626 496 389 523 370 176 619 168
638 504 399 527 403 189 641 188
653 508 413 520 448 210 673 220
665 496 425 500 473 223 690 239
673 489 433 487 489 235 700 256
672 476 435 475 493 252 697 270
676 476 441 475 499 274 697 294
674 473 440 474 493 275 696 291
672 486 433 492 473 218 689 234
665 521 425 534 446 203 680 216
657 547 418 561 424 217 671 230
649 554 413 576 389 236 649 235
635 557 397 564 391 224 650 238
587 576 351 538 407 200 659 264
552 604 325 524 442 205 680 314
529 616 319 504 481 209 699 352
512 623 309 492 499 211 703 376
545 589 322 502 450 184 683 303
578 535 341 517 376 171 625 211
592 498 359 550 306 206 550 176
585 480 373 579 253 258 480 178
571 464 376 593 218 295 427 183
568 454 384 600 195 317 394 185
561 434 393 597 179 333 366 183
551 425 393 597 162 349 337 185
545 417 393 596 152 353 322 185
538 416 386 593 146 351 318 184
553 431 373 581 173 301 372 164
591 453 370 550 260 223 490 145
631 465 395 512 361 171 600 144
663 488 420 508 428 164 671 166
672 494 430 511 439 168 681 169
667 492 420 511 424 158 675 159
664 502 401 525 399 145 669 144
663 521 384 545 383 143 670 143
647 540 362 576 346 164 639 152
663 554 369 589 349 164 652 152
685 571 381 604 362 163 677 151
694 604 385 635 369 188 689 182
686 646 377 675 364 228 684 224
676 660 362 688 353 241 673 240
686 666 369 691 357 236 688 238
692 669 375 695 362 241 695 242
693 659 377 683 366 229 697 232
683 645 369 672 357 220 686 223
677 651 361 674 352 223 681 225
682 668 369 694 357 246 685 248
687 664 376 688 364 244 689 247
685 660 376 683 363 241 688 243
679 627 369 650 363 209 684 209
677 605 371 631 362 193 681 194
670 597 369 620 359 186 674 186
665 577 367 601 356 169 672 172
665 569 369 593 356 166 668 168
666 566 371 592 358 164 671 167
666 566 368 591 353 160 669 159
659 566 358 591 340 155 664 155
655 567 350 593 328 148 656 146
655 575 345 604 324 149 656 149
654 580 337 612 315 148 655 145
655 588 331 620 308 148 654 147
654 601 326 631 301 155 652 152
649 613 312 645 285 155 648 153
645 614 305 648 279 153 643 152
644 616 305 648 275 156 641 153
642 614 304 647 273 156 638 154
646 611 313 640 281 154 644 152
638 610 305 640 274 154 634 152
611 611 281 643 249 158 608 157
560 604 233 639 197 156 552 153
531 604 205 638 164 156 518 153
555 598 227 632 191 152 544 150
615 595 288 629 254 148 609 145
674 592 345 627 316 148 673 145
713 586 384 623 356 143 713 137
758 579 425 617 399 137 757 129
796 579 464 618 439 137 800 129
820 578 483 615 463 130 824 125
814 575 480 613 459 132 817 126
806 568 473 608 450 127 808 120
786 564 457 613 426 135 777 122
787 561 462 615 428 136 776 125
810 561 488 618 452 143 798 127
813 557 489 619 454 135 802 122
810 550 485 616 446 127 794 112
806 552 485 623 444 135 790 117
798 550 482 626 436 141 777 121
790 545 481 624 435 140 768 121
786 548 481 629 434 144 762 128
773 545 473 633 420 148 745 128
754 541 456 633 397 144 722 123
742 538 450 636 386 146 708 123
734 538 441 638 373 150 694 124
726 537 433 637 366 146 688 121
743 535 451 635 382 144 704 120
776 535 488 636 423 142 740 120
798 533 514 635 447 142 760 118
817 535 535 637 471 142 782 117
825 533 547 637 480 143 789 116
834 528 559 633 494 141 797 115
833 528 560 633 490 144 795 114
836 527 567 632 500 140 799 114
849 519 582 629 515 137 810 112
854 519 591 628 522 137 815 110
857 519 597 628 530 137 818 112
839 521 573 628 508 139 801 113
813 520 541 628 474 139 772 115
768 519 494 625 423 139 726 114
727 520 450 622 376 140 682 114
685 520 402 623 326 143 638 117
650 518 366 620 285 143 600 117
618 519 333 622 252 147 569 120
589 519 301 620 218 147 537 121
541 519 253 623 165 155 484 128
504 518 217 621 129 155 448 129
485 517 198 623 106 160 424 132
522 520 235 617 152 156 467 135
575 512 297 608 215 148 522 127
631 505 344 596 272 132 584 112
655 515 351 589 293 129 616 112
666 534 353 593 309 142 633 119
665 552 357 599 330 154 648 137
654 554 350 584 338 145 649 129
623 565 329 584 331 147 630 133
602 572 321 572 345 137 633 134
585 579 321 568 359 138 629 139
564 576 324 564 359 137 607 129
548 578 330 558 364 135 595 124
532 578 326 557 361 134 579 121
522 582 315 562 351 137 568 124
466 593 266 574 298 149 509 137
388 587 199 574 226 151 424 132
355 588 172 574 198 151 389 132
337 592 158 576 176 151 365 133
349 592 169 577 185 154 376 137
346 592 168 576 185 153 374 139
329 592 155 576 171 154 355 140
321 591 151 575 165 155 348 139
315 592 145 575 160 154 341 139
304 591 137 576 149 156 328 139
314 593 144 576 158 155 341 140
346 591 167 576 179 152 373 138
448 590 242 575 260 146 476 131
529 583 303 574 320 137 554 119
608 586 365 572 386 135 637 116
648 588 396 574 419 134 678 117
675 582 419 570 442 128 707 108
696 581 436 570 459 128 729 107
731 580 466 568 491 125 767 104
768 583 496 570 521 126 805 106
813 582 529 569 555 121 851 99
821 584 537 572 563 122 859 100
822 584 537 572 563 122 859 100
791 581 513 569 538 122 827 99
743 579 474 568 499 126 778 107
652 578 403 570 427 136 685 115
565 573 329 574 346 148 590 124
496 584 262 585 275 169 514 152
529 568 277 583 281 167 537 145
641 573 361 584 370 166 654 158
663 572 377 588 382 165 673 160
667 572 377 587 380 163 677 159
676 567 383 584 378 156 681 153
691 563 393 580 388 150 697 151
698 567 401 583 396 153 713 160
709 571 413 587 399 159 720 163
713 582 416 600 396 175 721 179
727 593 428 608 410 188 744 199
739 599 440 614 412 206 762 216
743 591 440 605 405 203 768 210
749 568 441 588 403 186 777 190
756 560 448 582 406 189 792 191
757 568 448 588 408 213 801 216
758 576 449 594 409 245 806 247
757 580 448 597 407 267 811 269
757 576 447 592 400 276 811 276
760 569 448 588 402 270 815 267
755 559 445 579 393 259 805 255
745 523 433 543 374 203 792 201
740 496 425 521 358 170 779 164
735 482 418 508 347 150 769 142
729 480 417 505 342 148 764 141
729 468 414 493 340 128 765 120
725 456 408 481 332 111 757 101
722 455 409 481 327 109 753 99
721 481 409 510 328 149 752 139
715 543 400 566 317 230 741 223
718 570 403 594 324 275 745 265
717 607 406 630 326 333 745 323
713 627 401 647 323 362 742 352
711 638 401 657 322 375 740 367
698 633 386 654 304 371 722 361
654 630 345 649 245 363 660 354
616 627 311 648 193 362 606 352
585 630 282 649 157 363 570 354
558 631 256 651 117 369 529 359
575 624 273 646 139 361 553 349
628 616 322 640 214 350 627 337
710 608 401 633 324 339 737 325
762 608 451 633 398 339 813 325
779 608 468 632 423 336 837 325
776 585 465 614 416 312 829 296
761 533 450 560 396 235 809 223
746 513 437 539 375 207 788 196
738 503 433 529 366 197 775 185
695 510 391 535 308 210 714 197
620 507 321 534 204 212 606 197
619 504 320 533 200 206 604 188
678 496 375 531 277 204 683 183
761 493 453 528 387 193 800 172
799 502 487 534 439 198 853 179
764 512 453 544 388 192 801 176
716 544 409 576 325 207 725 195
698 541 392 572 313 189 704 176
681 542 377 576 295 181 679 168
665 553 361 587 284 175 656 164
654 557 352 591 292 160 647 152
647 552 344 588 298 146 637 136
648 596 341 623 325 175 652 176
637 620 330 656 318 220 626 211
639 610 329 643 340 218 640 213
645 585 333 624 344 203 641 193
645 567 330 608 358 218 641 207
638 555 321 591 362 219 641 210
633 536 311 566 372 224 648 222
626 522 305 551 379 256 644 255
625 518 300 546 381 262 643 262
621 515 299 540 381 269 641 270
616 513 294 538 377 272 637 271
584 512 266 536 359 279 614 279
523 510 207 533 316 276 569 273
487 511 172 534 289 272 542 272
530 508 212 531 315 264 571 266
625 505 304 528 385 256 643 258
714 504 389 530 448 255 711 257
739 510 413 533 466 257 730 260
755 506 429 531 477 255 743 257
806 507 478 531 515 254 783 257
830 510 501 532 533 254 801 258
792 508 467 531 509 252 776 257
716 504 392 528 453 252 714 255
657 505 337 530 408 249 669 252
648 504 326 530 400 248 662 250
640 481 317 508 390 229 656 229
634 420 309 448 387 177 655 174
633 394 308 425 382 158 649 153
632 384 306 413 381 149 647 148
623 353 298 384 377 128 641 124
616 348 295 377 375 120 640 117
610 345 290 374 369 120 633 117
594 347 275 376 360 119 623 117
552 350 235 378 328 122 589 120
523 354 207 383 307 125 568 122
532 352 213 380 311 123 573 120
514 355 197 385 301 124 561 118
521 355 206 381 324 116 584 112
517 355 204 382 326 112 585 105
522 351 208 389 309 116 569 105
520 335 200 383 261 108 527 92
514 326 197 379 246 103 512 85
505 323 188 382 228 108 493 83
486 320 172 387 199 116 465 89
473 316 164 390 174 122 438 90
473 311 163 386 173 116 434 86
509 311 196 379 216 111 479 84
602 305 290 371 287 104 552 78
673 299 363 366 341 96 609 71
747 295 437 361 397 91 664 66
808 293 497 360 442 89 708 64
817 299 510 364 453 91 720 69
839 295 533 363 468 92 733 66
872 292 573 361 496 88 759 64
867 297 564 361 495 89 759 69
812 313 497 369 468 92 736 76
776 326 451 372 472 88 746 75
695 344 364 386 417 96 693 84
643 355 313 399 380 91 656 78
600 363 270 405 347 97 624 84
593 396 263 439 341 127 616 112
603 461 272 507 338 185 615 170
607 531 275 572 344 241 617 229
615 579 277 615 348 288 625 281
607 611 271 648 345 318 618 312
610 618 275 659 346 328 617 321
613 620 277 659 347 328 620 323
617 636 282 675 350 349 623 341
617 651 282 688 353 358 625 353
625 647 287 684 355 352 631 349
628 642 291 677 360 345 633 341
626 638 289 668 371 336 645 333
629 639 291 661 383 327 657 328
616 640 282 656 386 321 660 327
612 635 277 659 373 323 648 325
633 628 297 660 369 327 641 325
655 618 322 661 361 329 634 322
682 615 351 660 376 329 649 321
727 611 396 658 408 328 681 321
794 607 461 651 462 320 737 314
848 602 515 649 502 319 778 312
887 603 550 650 529 317 809 311
888 602 550 649 529 314 810 310
846 604 508 650 504 317 783 311
745 602 405 644 429 316 706 308
656 597 317 641 362 312 641 305
585 596 247 640 313 314 586 306
535 596 197 639 274 312 549 305
485 596 149 638 238 313 510 306
452 596 117 637 210 313 482 307
473 596 139 636 227 312 498 306
533 591 195 634 272 306 545 301
625 585 284 627 337 299 617 294
695 585 349 626 390 296 671 292
747 579 399 618 428 288 712 286
778 578 433 615 454 287 737 286
794 578 451 616 466 288 751 287
793 528 444 562 469 251 753 249
797 483 445 518 469 218 753 217
794 490 448 530 466 225 748 223
808 538 463 574 480 259 761 257
809 600 462 635 481 302 766 301
820 620 474 656 490 318 774 317
817 615 471 651 488 314 769 313
826 616 482 654 494 320 776 318
831 626 484 662 494 327 777 326
841 635 494 674 504 333 786 331
855 641 506 679 510 336 793 335
864 641 516 679 516 336 801 334
900 630 554 669 545 328 830 325
885 628 541 668 534 328 817 328
827 622 482 661 496 323 777 321
741 611 397 651 433 316 713 313
634 600 295 639 352 309 630 305
637 585 297 627 351 294 627 286
648 573 309 618 355 264 640 255
651 564 315 610 353 246 640 232
661 560 327 609 360 227 648 214
650 566 320 617 338 216 632 198
645 568 318 621 325 196 626 177
631 573 312 629 301 188 609 166
637 573 321 627 294 179 608 152
637 573 323 616 292 163 615 140
629 578 321 615 286 164 610 146
629 583 325 615 276 164 609 150
620 564 319 591 268 145 601 134
632 544 337 573 307 137 625 128
667 533 386 560 366 153 665 147
698 519 430 544 417 155 699 152
738 495 476 523 464 144 740 138
739 472 490 503 472 142 735 133
739 463 497 493 480 142 733 132
744 464 504 492 495 149 742 143
745 466 509 491 497 150 745 146
745 454 512 480 504 144 745 138
730 456 504 480 497 153 732 149
685 456 459 484 446 154 681 146
669 456 432 483 421 140 665 131
664 451 411 479 401 110 663 103
653 459 390 488 378 103 649 93
698 446 441 477 428 100 696 91
699 429 457 457 446 106 697 98
693 426 458 455 448 114 689 105
677 411 447 440 433 103 673 94
670 399 445 424 433 97 666 89
637 392 417 424 401 101 631 89
585 392 369 423 350 104 574 89
